1000 243600
-10000 301000
-100200 246000
-100200 322400
-101200 122800
-101324 265174
-101324 268324
-101324 271474
-101324 274623
-101324 277773
-101324 284072
-101324 287222
-101324 293521
-101324 296670
-101324 299820
-101400 306200
-101400 315600
10200 242600
102000 246000
102000 269600
102000 297200
102000 301200
102000 305000
102000 309000
102000 312800
102000 316800
102000 320800
102000 324800
102000 328600
102000 332600
102000 336400
102000 340400
102000 344400
102000 348400
-103200 121200
103400 247800
103400 271600
103600 295200
103600 299200
103600 303000
103600 307000
103600 311000
103600 314800
103600 318800
103600 322800
103600 326600
103600 330600
103600 334400
103600 338400
103600 342400
103600 346200
103600 350200
-10400 318600
-104474 265174
-104474 271474
-104474 274623
-104474 280922
-104474 287222
-104474 293521
-104474 296670
-104474 299820
-104474 306119
-104474 309269
-104474 312418
-104800 233400
-105000 122800
-107000 121200
-107000 383400
-107600 312400
-107623 265174
-107623 268324
-107623 271500
-107623 274623
-107623 277773
-107623 281000
-107623 287222
-107623 296670
-107623 299820
-107623 306119
-107623 309269
-107700 284000
-107700 293500
-108800 248000
-109000 122800
11000 123000
-11000 267000
-110688 246000
-110700 271500
-110773 265174
-110773 268324
-110773 274623
-110773 293521
-110773 296670
-110773 299820
-110773 309269
-110800 290200
-110800 306000
-111000 121200
-112000 518600
-113000 122800
-113922 268324
-113922 284072
-113922 287222
-113922 293521
-113922 296670
-113922 299820
-113922 302970
-113922 306119
-113922 309269
-113922 312418
114000 137600
114000 141600
114000 145600
114000 149400
114000 153400
114000 157200
114000 161400
114000 169200
114000 173200
114000 177000
114000 181000
114000 185000
114000 188800
114000 192800
-115000 121200
-11600 320600
116000 135800
116000 139600
116000 143600
116000 147600
116000 151400
116000 155400
116000 159400
116000 167200
116000 171200
116000 175000
116000 179000
116000 183000
116000 187000
116000 190800
-116800 122800
-117000 268400
-117072 271474
-117072 277773
-117072 284072
-117072 287222
-117072 293521
-117072 296670
-117072 299820
-117072 302970
-117072 306119
-117072 309269
-117072 312418
-118800 121200
1200 111600
-120200 274500
-120200 281000
-120222 262025
-120222 268324
-120222 271474
-120222 277773
-120222 284072
-120222 287222
-120222 293521
-120222 296670
-120222 299820
-120222 302970
-120222 306119
-120222 309269
-120222 312418
-120530 246000
-120800 122800
-121400 109000
-121400 99200
-122000 515200
-122600 248000
-122800 121200
-123371 268324
-123371 309269
-123371 312418
-12400 211200
-12400 223200
-12400 251600
12400 400800
12400 403000
-124467 246000
-124800 122800
-126400 248000
-126521 274623
-126521 280922
-126521 284072
-126521 287222
-126521 293521
-126521 296670
-126521 299820
-126521 302970
-126521 306119
-126521 309269
-126521 312418
-126800 121200
12800 221600
12800 250800
-128800 122800
-129600 265200
-129670 268324
-129670 271474
-129670 274623
-129670 277773
-129670 280922
-129670 284072
-129670 287222
-129670 293521
-129670 296670
-129670 299820
-129670 302970
-129670 306119
-129670 309269
-129670 312418
-130600 121200
13200 123000
-13200 322600
-132600 122800
-132800 265200
-132800 284000
-132820 268324
-132820 271474
-132820 274623
-132820 277773
-132820 280922
-132820 287222
-132820 293521
-132820 296670
-132820 299820
-132820 302970
-132820 306119
-132820 309269
-132820 312418
-134600 121200
-135970 262025
-135970 265174
-135970 268324
-135970 271474
-135970 274623
-135970 287222
-135970 296670
-135970 299820
-135970 302970
-135970 306119
-135970 309269
-135970 312418
-136000 280800
-136000 284000
-136000 293600
-136400 248000
-136600 122800
-139000 277800
-139000 281000
-139000 287200
-139119 265174
-139119 268324
-139119 271474
-139119 293521
-139119 296670
-139119 299820
-139119 302970
-139119 309269
-139119 312418
-139119 315568
-1400 241800
-140200 248000
-142200 274600
-142200 277800
-142200 281000
-142200 284200
-142200 287200
-142200 326000
-142269 262025
-142269 271474
-142269 290371
-142269 293521
-142269 296670
-142269 302970
-142269 306119
-142269 309269
-142269 312418
-142269 315568
-142269 318718
-144000 248000
-145400 281000
-145400 284200
-145400 287200
-145418 262025
-145418 271474
-145418 274623
-145418 277773
-145418 299820
-145418 302970
-145418 306119
-145418 309269
-145418 315568
-146121 246000
-14800 324600
-148200 217000
-148568 274623
-148568 296670
-148568 299820
-148568 302970
-148568 306119
-148568 309269
-148568 315568
-148568 318718
-148600 277800
-148600 281000
-148600 284200
-148600 312400
-149000 324800
-150200 246000
-151600 287200
-151600 324400
-151718 299820
-151718 302970
-151718 318718
-152000 321800
-152800 282200
-154200 261800
-154400 268200
-155000 290600
-155200 293600
-15600 221600
-157800 325000
-157932 246000
15800 211000
-159800 248000
159800 549200
16000 223600
16000 248200
16000 252400
-160600 380200
-161869 246000
163000 529000
-163800 230200
-165400 427400
-167800 233400
-169800 232000
17000 111600
-17800 211200
-1800 265000
180400 168600
18800 211000
19000 110000
19000 221400
-19000 223600
19000 254000
193000 151400
199600 155600
200 210600
200 221600
201400 147000
-202800 190200
203331 121331
203331 125268
-20400 111600
204400 163000
207200 158600
207268 121331
207268 125268
207268 129205
207268 133142
207268 141016
207268 144953
207268 148890
20800 86200
209200 161000
21000 111600
211205 121331
211205 125268
211205 129205
211205 133142
211205 141016
211205 144953
211205 148890
213200 119000
215142 121331
215142 125268
215142 129205
215142 133142
215142 141016
215142 144953
215142 148890
215142 152827
-21800 221600
-218200 407000
-218200 409200
218400 163400
219079 121331
219079 125268
219079 129205
219079 133142
219079 141016
219079 144953
219079 148890
22200 265600
222800 528400
223016 121331
223016 125268
223016 129205
223016 133142
223016 141016
223016 144953
223016 148890
223016 152827
223016 156764
-22400 110000
226953 129205
226953 133142
226953 141016
226953 144953
226953 148890
226953 152827
227000 125200
22800 110000
22800 84200
231400 1800
234827 121331
234827 125268
234827 129205
234827 133142
234827 141016
234827 144953
234827 148890
236800 159600
23800 223500
238764 121331
238764 125268
238764 129205
238764 133142
238764 141016
238764 144953
238764 148890
238764 152827
242701 121531
242701 129205
242701 133142
242701 141016
242701 144953
242701 156764
243400 160000
-24400 111600
-244400 256200
-244400 258600
244800 119200
246638 121331
246638 125268
246638 129205
246638 133142
246638 141016
246638 144953
24800 111600
-24800 259200
24800 86200
248600 118600
250575 129205
250575 133142
250575 148890
250575 152827
25400 252200
254512 137079
254600 129200
256000 149400
257200 147000
258200 118000
-26400 110000
26800 121000
26800 84200
269800 744800
272600 699000
276800 487200
277000 479000
-28200 111600
28500 221500
28500 254000
28800 123000
28800 86200
-3000 223600
-3000 252800
-30400 110000
30800 121000
30800 84200
31600 221600
31600 252200
3200 110000
3200 242800
-32400 111600
32600 123000
32600 86200
3400 250000
3400 730000
-34200 110000
34300 254500
34600 84200
34800 223500
3500 221500
-35000 270800
-3600 242600
36000 268600
-36200 111600
-36200 257400
-36600 254800
36600 86200
38000 252000
-38000 268800
-38200 110000
38200 221000
38600 84200
400 272800
-40200 111600
40600 86200
41000 223000
41000 254000
41600 265000
-42200 110000
42600 84200
-4400 295000
-44200 111600
44200 210800
44200 221400
44200 252000
44200 267000
44600 86400
-46000 110000
46400 84200
47400 222400
47400 254000
-48000 111600
48400 86400
-50000 110000
-50000 310000
50400 316800
50400 84200
50600 211200
50600 221400
50600 252000
-51200 284200
5200 111600
-52000 111600
52400 86400
52800 322600
53000 299000
53000 302800
53500 254000
53600 209800
5400 242400
-54000 110000
-54200 205000
54400 84200
55300 243500
-55800 111600
56400 86400
57300 223500
-5800 254000
-58000 110000
58400 84200
-59800 111600
-6000 242600
-6000 297000
60000 221400
60000 254000
-61800 110000
62300 250500
62800 301000
63600 320600
-6400 221600
6400 223600
6400 265800
-65800 121200
-67600 122800
-69600 121200
7000 110000
-70800 234800
-71600 122800
-73000 208000
-73600 121200
-75600 122800
-77400 121200
77400 316800
7800 240600
-7800 265800
-7800 299000
79000 314800
79000 318800
-81200 243500
-84000 239800
-88200 287200
88400 249800
88400 253800
88400 257800
88400 261600
88400 265600
88400 269600
88600 293200
88800 137600
88800 141600
88800 145600
88800 149400
88800 153400
88800 157400
88800 161200
88800 169200
88800 173200
88800 177000
88800 181000
88800 185000
88800 188800
88800 192800
-89200 259500
9000 111600
90000 251800
90000 255800
90000 259800
90000 263600
90000 267600
90000 271600
90000 295200
90600 135800
90600 139600
90600 143600
90600 147600
90600 151400
90600 155400
90600 159400
90600 171200
90600 175000
90600 179000
90600 183000
90600 187000
90600 190800
-91400 306600
-9200 221600
-93200 326400
-9400 209800
9400 266600
-9400 268600
-94600 318400
-95025 293521
-95025 296670
-95025 312418
-95200 320500
-95400 325000
9600 209800
9600 221600
9600 250400
-97600 324000
-98174 265174
-98174 277773
-98174 280922
-98174 284072
-98174 296670
-98174 299820
-98174 312418
-99200 121200
