-25.4508 91.6432
-25.654 51.3588
-25.654 52.7812
-25.654 54.0512
-25.654 55.3212
-25.654 56.6928
25.654 90.17
-25.7048 3.81
-25.7048 58.0136
-25.7048 -0.762
-25.7048 21.336
-25.8064 39.5224
-25.8064 42.037
-25.8318 38.0238
-25.8318 43.5356
-25.8572 36.5252
-25.8826 45.0342
26.0604 159.3596
-26.2128 21.844
26.4668 172.1104
-26.67 21.2852
-27.0764 94.8436
-27.0764 96.0628
-27.0764 113.7666
-27.178 21.844
-2.7432 68.7324
2.7432 109.728
-27.4828 99.06
-2.794 70.358
-27.94 3.3528
-27.94 -0.508
-28.0162 119.761
28.0924 160.8836
-28.4988 -4.4196
-28.4988 -1.9304
-28.6258 59.1566
28.702 172.9232
-29.1084 2.2352
29.1592 159.4612
29.1592 163.83
-29.2608 25.4508
-29.2608 27.2288
-29.3116 101.5492
-29.5148 95.8088
-29.5148 97.3836
-29.6164 59.1566
-3.0226 52.2478
-30.3276 2.5908
30.5816 70.2564
30.5816 166.0144
30.5816 170.6372
30.6832 159.4612
-30.7848 38.0238
-30.8102 36.5252
-30.8102 39.5224
-30.8356 42.037
-30.8356 43.5356
-30.8864 17.1704
-31.1912 94.0816
-31.3436 16.1544
3.1496 105.9434
-31.5468 -8.4328
-31.5976 -5.9436
-31.5976 -7.4168
-31.5976 -9.9568
-31.5976 -11.43
-31.5976 -12.954
-32.0548 -7.9248
-32.0548 15.6464
-32.1056 -6.9596
-32.1056 -9.4488
-32.1056 -10.922
-32.1056 -12.446
-32.1564 -5.4356
3.2258 49.6062
-32.4612 26.416
3.2512 115.6208
-3.302 27.3812
3.302 71.1454
-33.1216 62.4586
3.3274 99.7712
3.3274 104.3686
-33.3502 45.5168
-33.3756 42.5196
-33.3756 44.5262
-33.6804 21.844
33.7566 11.0236
-33.782 2.5908
-33.8074 1.3208
-34.1122 62.4586
-34.1884 21.2852
3.4544 111.2012
3.4544 112.6744
-34.6456 6.6548
-34.6456 11.176
-34.6456 13.6652
-34.6456 14.9352
-34.6456 16.6624
-34.6456 18.1356
-34.6456 -1.9304
-34.6964 8.1788
-34.6964 9.9568
-34.6964 -13.4112
-34.6964 21.844
-34.7472 -3.4544
-34.7472 -6.4516
-34.7472 -8.9408
-34.7472 -10.414
-34.7472 -11.938
-34.8488 -4.9276
-35.2044 28.0924
-35.2044 136.4488
-35.2044 24.5872
-35.2552 128.7272
-35.2552 130.2512
-35.2552 131.8768
-35.2552 133.4516
-35.306 57.7596
-35.4584 134.9248
3.556 27.3812
-3.556 103.3018
-3.556 104.775
-3.556 106.2736
-3.556 108.3564
-35.6108 -3.9116
-35.6362 105.2068
-35.6362 106.5022
-35.6616 98.5774
-35.6616 99.8728
-35.6616 101.1682
-35.6616 102.616
-35.6616 103.9114
-35.6616 21.9456
-35.7124 31.0388
-36.1188 -2.9464
-36.1696 28.0924
-36.1696 0.1524
-36.1696 24.5872
36.3728 -0.8128
-36.6776 31.0388
-36.6776 21.8948
-37.084 -6.7056
-37.084 -8.636
-37.1348 11.5316
-37.1348 13.4112
-37.1856 28.0924
-37.1856 24.5872
-37.6174 59.1566
-37.6936 31.0388
-37.6936 21.8948
-37.7444 41.91
-37.7444 44.958
-37.8206 46.4312
-37.8968 34.29
-37.8968 35.814
-38.0492 37.338
-38.0492 38.862
-38.0492 40.386
-38.0492 43.434
-38.2016 28.1432
-38.2016 24.638
-38.4048 88.2904
-3.8608 78.4606
-38.7096 26.416
-38.7096 31.0896
-38.7096 21.8948
-39.2176 28.1432
39.2176 81.7372
39.2176 82.6516
-39.2176 24.638
-39.37 15.9004
-39.4208 9.9568
-39.4208 -11.938
-39.4208 14.986
-39.4208 16.6624
-39.4716 -4.9276
-39.4716 -6.4516
-39.4716 8.1788
-39.4716 -8.9408
-39.4716 -10.414
-39.4716 11.176
-39.4716 13.6652
-39.5224 -3.4544
-39.5224 99.8728
-39.5224 101.1936
-39.5224 102.616
-39.5732 98.6028
-39.624 105.2068
-39.624 106.5276
-39.6748 134.9248
-39.7256 31.0896
-39.7256 128.7272
-39.7256 130.2512
-39.7256 131.8768
-39.7256 133.4516
-39.7256 136.4488
-39.7256 21.8948
-3.9878 49.6062
-39.878 101.9048
-39.9034 91.186
-40.132 77.6224
-40.1828 57.5056
-40.1828 75.946
-40.1828 79.9084
-40.2336 81.5848
40.4368 155.194
40.4368 158.1912
40.4368 159.766
-40.5892 83.9724
-40.64 84.7852
-40.894 25.5524
-40.894 27.2796
40.9956 154.432
40.9956 156.0068
40.9956 158.9532
40.9956 160.5788
-4.1656 117.0432
-41.8338 101.3968
-41.8338 102.8954
-42.0116 90.7288
-42.0116 93.218
-42.0116 15.6464
-42.1132 17.1704
-42.2656 36.3728
-42.2656 37.8968
-42.2656 40.386
-42.2656 41.91
-42.2656 43.3832
-42.2656 44.9072
-42.2656 96.5708
-42.418 -2.9464
-42.418 -3.9116
-42.418 -6.4008
-42.418 -7.4168
-42.418 -8.4328
-42.418 -9.4488
-42.418 -10.922
-42.418 -12.446
-42.4942 104.6734
42.6212 73.7616
42.6212 75.3364
-4.2672 114.1476
-4.2672 115.6208
42.672 72.136
-42.7736 98.4504
-42.8244 35.4076
-42.8244 36.8808
-42.8244 38.4048
-42.8244 40.894
-42.8244 42.418
-42.8244 43.8912
-42.8244 45.4152
42.926 76.1492
42.9514 138.5316
-42.9768 -6.9596
42.9768 72.9488
42.9768 74.5236
-42.9768 -7.9248
-42.9768 -9.9568
-42.9768 -11.43
-43.0784 74.9554
-43.0784 82.7024
43.2054 70.6374
43.2054 76.8858
43.2308 66.8782
43.2308 78.1304
43.2308 79.3496
43.2308 83.0326
-43.2816 107.188
4.3688 25.5524
-43.7896 96.0628
-43.7896 106.68
-43.942 30.0228
-43.942 23.7236
-44.0436 33.782
-44.0436 46.4312
-44.069 100.1014
-44.069 101.3206
-44.2214 77.597
-44.2722 104.8004
-44.2976 96.52
-44.323 79.9084
-44.5516 -4.3688
-44.6024 5.5372
44.7802 66.8782
44.7802 70.612
44.7802 71.7804
44.7802 72.898
44.8564 81.7372
44.9072 78.5368
44.9072 80.1624
45.1612 80.9752
45.1612 82.55
-45.212 42.9006
45.212 77.724
45.212 79.3496
-45.2374 37.3888
-45.2374 38.8874
-45.339 41.402
-45.4152 44.3992
45.4152 158.9532
-45.4406 35.8902
45.4914 133.8072
-0.4572 68.3768
-45.72 101.5492
-45.7708 106.8832
45.9232 155.194
45.9232 158.1912
-46.0756 15.748
-46.0756 17.1704
-46.1264 18.6436
46.2788 133.8072
46.3804 156.0068
46.4312 154.432
-46.7614 98.679
-46.863 32.8168
-46.99 104.5972
47.0916 133.8072
47.244 49.3268
47.4472 38.2778
47.4472 41.6306
-47.4472 102.4128
47.5234 -0.3048
47.879 133.8072
-48.006 100.4316
-48.006 101.9048
4.826 49.6062
4.8514 71.1454
48.6156 68.1736
48.6156 69.7484
48.6156 71.374
48.6156 72.9488
48.6156 74.5744
48.6156 76.1492
-48.6664 72.2376
48.768 49.403
-48.8696 73.3552
-48.9712 78.0034
49.0728 67.3608
49.0728 68.9356
49.0728 70.5612
49.0728 72.136
49.0728 73.7616
49.0728 75.3364
49.0728 76.962
-49.1744 -1.778
-49.8348 34.3916
-50.0126 99.8982
-50.1396 -11.684
-50.1904 45.9232
-50.2158 44.3992
-50.2412 41.402
-50.292 102.87
-50.3174 42.9006
-50.3428 37.3888
-50.3428 38.8874
-50.3682 35.8902
50.4444 49.403
-50.546 15.2908
-50.9016 103.378
50.9778 110.7186
-51.0032 7.9248
51.054 119.4816
-51.4096 -7.62
-52.0192 -3.1496
-52.0192 11.6332
-52.07 10.7188
52.0954 49.403
52.324 116.1288
-52.5272 16.7132
-53.0352 -16.2052
-53.2892 -9.144
-53.2892 -13.0556
-53.6448 35.4076
-53.6448 36.8808
-53.6448 38.4048
-53.848 13.0048
-53.848 16.764
-53.8988 6.858
-53.8988 105.4608
-53.8988 106.7816
-53.8988 12.0904
-54.1528 162.7632
-54.1528 164.084
-54.1528 165.354
-54.1528 166.6748
-54.2544 36.3728
-54.2544 37.8968
-54.5592 -12.8524
-54.61 -3.048
-54.61 -6.9088
-55.0672 6.9596
-55.0672 -11.7856
55.118 112.0648
55.118 113.6396
-55.2196 98.9076
-55.2196 99.7204
-55.2196 100.4824
-55.2196 101.2952
-55.6768 -8.5852
55.9308 -10.287
55.9816 -7.747
-55.9816 11.5824
-55.9816 16.6116
-56.134 154.432
-56.1848 149.352
-56.1848 157.48
-56.2356 152.8572
-56.2864 150.9268
-56.2864 170.0022
-5.6388 49.6062
-56.6674 143.3068
-57.0992 -0.4572
-57.0992 -12.9032
57.3024 116.1288
-57.4548 172.8216
-57.6072 6.9596
57.6072 10.7188
-57.6072 16.764
57.658 25.9842
-57.7596 64.5922
-57.7596 66.1162
-57.8104 157.5308
-57.8612 13.0048
-57.9628 -4.318
-57.9628 -6.604
-57.9628 -8.5344
-58.2168 167.8432
58.2676 121.6406
-58.2676 169.1132
5.842 68.5292
5.8674 52.2478
-58.8772 6.9088
59.0042 25.9588
-59.0804 -11.7856
-59.3344 101.2952
-59.3598 98.9076
-59.3598 99.695
59.3598 -13.8938
-59.3852 46.3804
-59.3852 48.1584
-59.3852 100.5078
59.3852 110.9472
59.3852 -15.4686
-59.436 139.5476
-59.5376 42.672
-59.5376 44.2468
-59.5884 19.9136
59.9186 121.6406
-59.944 -15.0368
-60.0456 60.7568
60.0456 77.47
-60.0456 172.4914
-60.198 146.9644
60.6552 113.6904
60.8838 -16.1798
-0.6096 52.2478
-61.468 164.1348
-61.5188 170.3832
-61.5696 165.3032
61.722 26.1112
61.722 29.845
-61.8236 111.8108
-61.8236 16.8656
-61.8744 167.4368
-61.8744 169.3418
-61.9252 73.8632
-61.9252 75.184
-61.9252 76.5556
-61.9252 77.9272
-62.23 160.655
-62.3824 134.9248
-62.4332 104.2924
-62.4332 145.034
-62.4586 96.4692
-62.7888 144.0434
-62.8396 7.9248
-62.8396 9.1948
63.119 26.1112
-63.2968 110.2868
-63.3984 17.4244
-63.3984 21.1328
-63.4492 192.6844
-63.4746 137.795
-63.5 147.7772
-63.5508 160.655
-63.6016 149.352
-63.754 -1.778
-64.1096 96.4692
-64.1096 104.2416
-64.1096 170.3832
-64.1604 165.3032
-64.3128 157.1244
64.3382 -0.9398
64.389 9.906
-64.4652 143.1798
64.4906 25.9842
64.6938 -10.5664
64.6938 -12.5222
64.7192 -8.9916
-64.8716 -5.4864
-64.8716 -7.4676
-64.8716 -10.0076
-64.897 137.7188
-64.9224 -2.9464
-64.9224 8.4836
-64.9224 11.0236
-64.9224 13.0556
-64.9224 138.5062
64.9224 -14.097
-64.9224 142.24
-64.9224 15.5956
-6.5024 108.839
-65.024 6.9088
-65.0748 4.1656
-65.0748 5.4864
-65.1256 17.6276
-65.1256 19.1008
-65.1764 20.574
65.4304 -2.286
65.5066 -3.556
65.5066 7.4422
65.5066 8.7122
-65.532 153.1112
-65.532 154.5336
65.6844 45.212
-65.7352 139.4714
-65.786 96.52
-65.786 104.2416
-65.8114 77.9018
-65.8368 73.8124
-65.8368 75.2348
65.8876 26.0096
-65.8876 134.9756
-65.8876 145.1864
65.9892 31.5722
65.9892 34.1122
65.9892 36.7792
65.9892 39.243
-6.604 68.834
-66.167 58.1406
-66.294 189.5856
66.7004 119.507
66.7004 120.777
66.7004 124.6124
66.7004 125.8824
-6.6802 77.9526
-6.6802 78.9432
66.8274 6.6548
66.8274 122.047
66.8274 123.3424
66.929 -4.4958
67.2084 52.7558
-67.3608 1.27
-6.7818 52.2478
68.1736 76.1492
68.4784 0.254
68.4784 -1.016
-68.5292 139.5222
-68.5546 140.7922
68.6054 52.7558
-68.7832 -2.9972
-68.7832 -5.4864
-68.7832 -7.4676
-68.7832 -10.0076
-68.7832 0.1524
-68.7832 2.4384
-6.8834 177.546
69.2912 131.8768
69.6722 -8.0518
70.231 113.3348
70.3326 53.1876
-7.0358 198.7042
70.4596 120.9548
70.4596 124.46
70.5612 10.287
70.5612 12.2174
70.5612 131.8514
-70.7136 2.5908
70.7136 -0.8128
70.7136 1.27
70.7136 13.7922
-70.7136 0.2032
70.739 2.8448
70.7898 8.7122
70.8152 -2.3876
70.9168 111.0996
70.993 104.6988
71.501 113.3348
-71.6788 1.27
71.8312 131.8514
-71.9328 -2.9464
-71.9836 -10.0076
-71.9836 15.5956
-72.0344 11.0236
-72.136 60.198
72.2376 111.1504
72.3392 105.5116
72.3392 121.1072
72.3392 124.206
72.5424 81.0768
72.5932 122.7328
72.771 113.3094
73.1012 131.8514
-73.4568 110.236
73.5076 111.1504
-73.8632 189.3824
74.041 113.3094
74.168 119.888
74.168 125.5268
74.3712 131.8514
74.422 4.064
74.8284 111.1504
75.1332 102.0064
75.311 113.3094
75.6412 95.5294
75.6412 96.8502
75.6412 131.8514
76.2 119.6848
76.2508 125.7808
76.581 113.3094
76.9112 131.8514
77.1652 119.5578
77.1652 125.857
77.8256 120.4976
77.851 113.3094
77.978 121.4628
77.978 122.4788
77.978 123.444
78.1812 119.5578
78.1812 125.8316
78.1812 131.8514
78.486 121.9708
78.486 122.9868
78.486 123.952
-7.874 76.708
-7.874 77.7748
79.0956 131.9276
79.1464 113.3348
79.375 117.3988
79.502 127.9144
79.8576 125.984
79.9084 119.4308
80.0608 108.4834
80.0862 107.0864
80.4164 113.3348
80.6196 105.2068
80.7212 128.016
0.8128 71.1454
81.9912 128.016
83.2612 128.016
83.566 107.0864
0.8382 49.6062
84.3788 115.6208
84.3788 117.602
84.4296 130.7592
84.4804 114.3
84.5312 127.6096
8.5344 109.0168
-8.7376 25.5524
89.4588 113.538
-0.9144 25.5524
-0.9144 27.3812
9.4996 27.3304
9.4996 78.74
9.525 81.9404
9.5504 75.9206
9.5504 77.2414
9.9568 50.6222
9.9822 110.3376
9.9822 114.2492
10.16 99.568
10.16 100.203
-10.541 116.2304
-10.668 117.5004
10.7188 27.3304
-10.8458 100.457
-12.0396 99.1362
12.1412 27.3812
-12.446 26.416
13.4112 78.4606
13.6652 95.0976
14.1478 68.453
14.2748 95.6564
-14.3002 103.505
-14.4272 113.6904
-0.1524 206.2988
15.24 71.3232
15.24 105.1052
15.4178 100.584
-15.6972 75.9968
-15.6972 99.1616
-15.6972 21.8948
-1.5748 71.1454
-15.748 77.3176
16.002 27.3304
-16.0528 25.5016
16.1798 50.8508
16.1798 52.4256
-16.2052 21.336
-1.6256 49.6062
16.2814 78.9432
-16.7132 21.8948
-17.0688 77.1652
-17.1704 21.336
-17.6784 21.8948
-0.1778 78.4352
18.1356 26.416
-18.1864 79.8576
-18.1864 21.336
-18.6436 75.6412
-18.6944 21.8948
-18.7452 26.416
-18.8468 45.593
-18.8722 34.9758
-18.8976 36.4236
-18.8976 37.9476
-18.8976 39.4716
-18.8976 40.9956
-18.8976 42.5196
-18.8976 44.0436
-19.2024 21.336
19.2532 99.0092
-19.3548 80.2132
1.9558 52.2478
-19.7104 21.8948
-19.812 94.0308
19.812 101.8032
19.812 103.7844
-20.1676 5.334
2.032 68.58
20.447 98.4504
-20.6248 82.8548
-20.8788 25.5016
-20.8788 27.2796
-21.0312 114.1222
-21.0566 115.5954
-21.0566 117.094
21.082 102.0318
-21.336 106.0704
-21.336 107.5944
-21.6408 4.4196
22.3266 100.3808
-22.352 115.7732
-22.4028 93.98
22.4536 169.672
22.5552 164.6428
22.606 161.4932
22.6568 166.2176
22.6568 168.0972
-23.3172 5.334
23.4442 207.3402
23.495 -0.4572
23.5204 77.1144
23.5204 78.5368
23.5204 84.8868
23.5204 85.852
23.5204 90.17
23.5204 186.69
23.5712 50.1904
23.5712 53.2892
23.5712 58.5724
23.5712 70.358
23.5712 73.2536
-23.6728 90.9828
-23.9776 25.5016
-23.9776 27.2796
-24.2316 91.6432
-24.257 104.4194
24.384 35.2552
24.384 41.7576
24.384 48.006
24.384 61.722
24.384 68.2244
24.384 75.6412
-24.7904 90.9828
-24.8412 58.3692
24.9936 169.672
-25.1206 59.2074
25.146 33.274
-25.1968 21.844
25.2476 44.9072
25.2476 50.1904
25.2476 53.2892
25.2476 58.5724
25.2984 38.5572
-21.9202 77.2922
-21.9202 78.39202
