-27.94 106.68
-31.2928 133.0452
-31.3944 106.68
-32.6644 119.761
33.1724 81.3816
-33.1724 112.5728
33.2232 66.7004
-33.5788 103.9368
-35.9156 118.3132
36.83 84.2772
36.9824 62.484
-37.6936 121.7168
-38.608 57.7088
3.9116 123.3932
-39.8272 118.3132
-41.4528 51.7144
42.4688 32.3596
42.4688 36.068
-42.5704 112.5728
-42.7228 56.388
-45.1104 118.618
-47.5488 121.7168
47.8536 107.5436
-48.7172 49.4284
-49.1236 118.7196
-49.4792 109.8804
50.3428 32.3596
50.3428 36.068
52.6288 122.0724
-52.8828 49.4284
55.2704 124.3076
56.9976 95.5548
58.3692 47.244
-60.706 87.0204
-60.706 90.0176
60.9092 42.1132
60.96 98.9076
61.5188 112.3188
61.5188 114.8588
61.6712 117.094
61.6712 118.6688
62.8904 122.8852
-62.992 92.202
-62.992 93.7768
63.6524 118.6688
64.1096 43.7388
-64.77 227.7364
65.0748 122.8852
65.0748 129.0828
65.3796 95.4532
66.0908 87.122
66.802 102.4128
-67.6148 229.87
68.4784 98.8568
68.9356 102.4128
70.3072 188.3156
70.3072 200.1012
71.2724 87.122
71.5264 180.2892
71.6788 192.2272
71.8312 44.6532
72.7964 196.596
72.7964 199.9488
72.8472 98.8568
72.9996 184.7088
72.9996 188.3156
-73.2536 50.7492
-73.2536 53.4416
74.0156 44.6532
-75.184 49.1236
75.8952 87.1728
75.946 82.296
76.1492 44.6532
77.5716 82.296
78.4352 135.2804
79.1464 133.2484
80.518 55.1688
80.6196 137.5156
80.8736 111.4044
81.1276 109.1184
81.4832 102.9716
82.296 47.5488
82.296 111.4044
82.4484 105.2068
82.55 109.1184
-8.2804 110.3884
83.2612 51.9176
-8.4328 120.2944
84.4296 83.4136
84.4296 132.9944
84.8868 135.2296
85.344 32.5628
85.344 38.3032
85.9028 129.4384
88.0364 86.614
88.3412 35.56
8.9408 123.3932
92.456 92.9132
10.7442 184.7088
10.7696 205.5368
-12.3444 74.422
12.8016 207.264
13.0556 186.5376
13.97 184.7088
13.97 205.5368
-14.6304 74.2696
-16.6116 110.3884
-16.7132 120.2944
-19.4564 69.6468
-22.2504 113.792
-2.6924 -2.9972
-2.6924 -1.7272
3.6576 -2.9972
3.6576 -1.7272
-3.9624 -2.9972
-3.9624 -1.7272
4.9276 -2.9972
4.9276 -1.7272
-5.2324 -2.9972
-5.2324 -1.7272
6.1976 -2.9972
6.1976 -1.7272
-6.5024 -2.9972
-6.5024 -1.7272
7.4676 -2.9972
7.4676 -1.7272
-7.7724 -2.9972
-7.7724 -1.7272
8.7376 -2.9972
8.7376 -1.7272
-9.0424 -2.9972
-9.0424 -1.7272
10.0076 -2.9972
10.0076 -1.7272
-10.3124 -2.9972
-10.3124 -1.7272
1.1176 -2.9972
1.1176 -1.7272
11.2776 -2.9972
11.2776 -1.7272
-11.5824 -2.9972
-11.5824 -1.7272
-12.8524 -2.9972
-12.8524 -1.7272
-14.1224 -2.9972
-14.1224 -1.7272
-1.4224 -2.9972
-1.4224 -1.7272
-0.1524 -2.9972
-0.1524 -1.7272
-15.3924 -2.9972
-15.3924 -1.7272
2.3876 -2.9972
2.3876 -1.7272
25.4 28.194
25.4 114.505994
25.4 120.093994
25.4 22.606
25.513538 127.047752
25.513538 132.635752
25.513538 218.948
25.513538 224.536
25.6032 -13.7668
25.6032 -19.3548
28.194 25.4
28.194 117.299994
28.307538 129.841752
28.307538 221.742
28.3972 -16.5608
40.4368 55.4482
40.4368 94.488
40.4368 167.5892
43.2308 52.6542
43.2308 58.2422
43.2308 91.694
43.2308 97.282
43.2308 164.7952
43.2308 170.3832
46.0248 55.4482
46.0248 94.488
46.0248 167.5892
-53.4924 129.841752
-53.4924 221.742
-53.605938 25.4
-53.605938 117.299994
-56.2864 127.047752
-56.2864 132.635752
-56.2864 218.948
-56.2864 224.536
-56.399938 28.194
-56.399938 114.505994
-56.399938 120.093994
-56.399938 22.606
-59.0804 129.841752
-59.0804 221.742
-59.193938 25.4
-59.193938 117.299994
-65.3796 -16.5608
-68.1736 -13.7668
-68.1736 -19.3548
-7.0612 41.481756
-7.0612 167.5892
-7.0612 230.632
-70.9676 -16.5608
-73.1012 230.632
-75.8952 227.838
-75.8952 233.426
-78.6892 230.632
83.6676 74.7268
83.6676 -16.5608
86.4616 71.9328
86.4616 77.5208
86.4616 -13.7668
86.4616 -19.3548
89.2556 74.7268
89.2556 -16.5608
-9.8552 38.687756
-9.8552 44.275756
-9.8552 164.7952
-9.8552 170.3832
-9.8552 227.838
-9.8552 233.426
110.9218 230.6066
110.9472 145.3896
113.7158 227.8126
113.7158 233.4006
113.7412 142.5956
113.7412 148.1836
116.5098 230.6066
116.5352 145.3896
-12.6492 41.481756
-12.6492 167.5892
-12.6492 230.632
22.606 25.4
22.606 117.299994
22.719538 129.841752
22.719538 221.742
22.8092 -16.5608
-51.8668 53.34
-51.8668 54.61
-51.8668 55.88
-51.8668 57.15
-51.8668 58.42
-51.8668 59.69
-51.8668 60.96
-51.8668 62.23
-53.1368 53.34
-53.1368 54.61
-53.1368 55.88
-53.1368 57.15
-53.1368 58.42
-53.1368 59.69
-53.1368 60.96
-53.1368 62.23
-8.39216 83.834732
-8.39216 85.10473200000001
-9.66216 83.834732
-9.66216 85.10473200000001
-10.932160000000001 83.834732
-10.932160000000001 85.10473200000001
-12.202160000000001 83.834732
-12.202160000000001 85.10473200000001
-13.47216 83.834732
-13.47216 85.10473200000001
-14.74216 83.834732
-14.74216 85.10473200000001
-16.01216 83.834732
-16.01216 85.10473200000001
-17.28216 83.834732
-17.28216 85.10473200000001
