-17400 44100
-17400 54100
22400 44000
22400 54000
-27400 44100
-27400 54100
-2900 44100
-2900 54100
32400 44000
32400 54000
-41500 44100
-41500 54100
-51500 44100
-51500 54100
-65600 44100
-65600 54100
7100 44100
7100 54100
-75600 44100
-75600 54100
-220525 556200
227700 192751
227700 200625
227700 208500
-228400 556200
237000 192751
237000 200625
237000 208500
-64000 212600
-64000 220474
-64000 228348
114800 711600
114800 761600
142800 -27000
148700 51400
148700 61400
169000 417000
216500 198400
216500 208400
218100 647300
218100 657300
218100 667300
218100 677300
218100 687300
218100 697300
218100 707300
218100 717300
218100 727300
218100 737300
218100 747300
218100 757300
218100 767300
218100 777300
218100 787300
218100 797300
218100 807300
225600 652300
225600 662300
225600 672300
225600 682300
225600 692300
225600 702300
225600 712300
225600 722300
225600 732300
225600 742300
225600 752300
225600 762300
225600 772300
225600 782300
225600 792300
225600 802300
225600 812300
233100 647300
233100 657300
233100 667300
233100 677300
233100 687300
233100 697300
233100 707300
233100 717300
233100 727300
233100 737300
233100 747300
233100 757300
233100 767300
233100 777300
233100 787300
233100 797300
233100 807300
240600 652300
240600 662300
240600 672300
240600 682300
240600 692300
240600 702300
240600 712300
240600 722300
240600 732300
240600 742300
240600 752300
240600 762300
240600 772300
240600 782300
240600 792300
240600 802300
240600 812300
-272200 725200
-272200 735200
-273300 762700
-273300 772700
-276996 249378
-276996 259221
-279800 506800
-284791 249378
-284791 259221
293800 -40200
293800 -50200
-301600 724400
-301600 734400
-302600 762000
-302600 772000
312200 898200
313800 336200
313800 386200
-319900 493300
-319900 508900
-319900 524500
-325400 554800
-325400 564800
53200 50800
53200 60800
-257400 129400
-257400 137274
-257400 145148
-257400 153022
-257400 160896
-257400 168770
-257400 176644
-257400 184518
-258125 813881
-258125 821755
-258125 829629
-258125 837503
-258125 845377
-258125 853251
-258125 861125
-258125 869000
-265274 129400
-265274 137274
-265274 145148
-265274 153022
-265274 160896
-265274 168770
-265274 176644
-265274 184518
-266000 813881
-266000 821755
-266000 829629
-266000 837503
-266000 845377
-266000 853251
-266000 861125
-266000 869000
-304125 130281
-304125 138155
-304125 146029
-304125 153903
-304125 161777
-304125 169651
-304125 177525
-304125 185400
-312000 130281
-312000 138155
-312000 146029
-312000 153903
-312000 161777
-312000 169651
-312000 177525
-312000 185400
-283300 625800
-283300 636600
-283300 647400
-283300 658200
-283300 669000
-294700 631200
-294700 642000
-294700 652800
-294700 663600
321500 19000
321500 -2600
321500 29800
321500 40600
321500 8200
332900 13600
332900 24400
332900 2800
332900 35200
88800 909800
88800 919800
-182000 299002
-182000 321049
256502 193200
-276400 320409
-276400 330251
-276400 338125
-276400 347968
278549 193200
-286714 320409
-286714 330251
-286714 338125
-286714 347968
