259.08 20320.0
2646.68 19522.44
2712.72 21264.88
2910.84 1153.16
3185.16 711.2
3205.48 21478.24
3241.04 22692.36
3317.24 7655.56
3322.32 7162.8
3444.24 18318.48
-345.44 19644.36
3479.8 22844.76
-350.52 17520.92
3632.2 421.64
3632.2 716.28
365.76 18298.16
3683.0 7660.64
3698.24 7162.8
3774.44 18699.48
3779.52 17993.36
3779.52 20020.28
3850.64 21859.24
4038.6 396.24
4124.96 20365.72
4378.96 883.92
-5074.92 5161.28
53.34 1247.14
5359.4 1132.84
5577.84 721.36
-568.96 1247.14
5974.08 436.88
5974.08 721.36
-6202.68 7061.2
655.32 20320.0
-6906.26 10325.1
-6906.26 10579.1
-6906.26 10833.1
-6906.26 11087.1
695.96 1244.6
-7160.26 10452.1
-7160.26 10706.1
-7160.26 10960.1
-7160.26 11214.1
-7193.28 7330.44
-721.36 7559.04
7477.76 2987.04
7477.76 3241.04
7477.76 3495.04
7477.76 3749.04
7477.76 4003.04
767.08 18293.08
7731.76 3114.04
7731.76 3368.04
7731.76 3622.04
7731.76 3876.04
7731.76 4130.04
-792.48 20543.52
-802.64 18384.52
-970.28 20233.64
-1051.56 21376.64
-1087.12 19232.88
-1181.1 1247.14
-1229.36 18125.44
-1229.36 18384.52
-1249.68 20233.64
-137.16 11917.68
1590.04 401.32
-1793.24 1247.14
1950.72 868.68
-4168.5972 2844.5968
4658.1568 6489.0396
4658.1568 8502.015
1679.3972 2844.5968
2235.3778 3248.1774
2235.3778 9096.1972
3886.2 14163.04
3886.2 14417.04
4140.2 14163.04
4140.2 14417.04
4394.2 14163.04
4394.2 14417.04
4648.2 14163.04
4648.2 14417.04
4902.2 14163.04
4902.2 14417.04
5156.2 14163.04
5156.2 14417.04
5410.2 14163.04
5410.2 14417.04
5664.2 14163.04
5664.2 14417.04
5918.2 14163.04
5918.2 14417.04
6172.2 14163.04
6172.2 14417.04
