-79.0702 8.4836
-79.0702 -13.3096
-79.0702 18.8722
-79.0702 -2.3368
7.56412 199.9234
7.56412 212.6234
7.61492 179.5526
7.61492 192.2526
10.7442 199.9234
10.7442 212.6234
10.795 179.5526
10.795 192.2526
1.21412 199.9234
1.21412 212.6234
1.26492 179.5526
1.26492 192.2526
13.924026000000001 199.9234
13.924026000000001 212.6234
13.974826 179.5526
13.974826 192.2526
23.4442 199.9234
23.4442 212.6234
23.495 179.5526
23.495 192.2526
27.051 -0.4572
27.051 15.4178
41.91 -0.3048
41.91 15.5702
45.085 15.5702
51.435 -0.3048
51.435 15.5702
17.526 -0.4572
17.526 15.4178
20.701 15.4178
