-73.406 151.7396
-73.406 177.1396
83.1088 -7.874
83.1088 17.526
-77.9526 101.346
-77.9526 114.046
83.6676 29.86532
83.6676 41.295320000000004
25.4 25.4
25.4 117.299994
25.513538 129.841752
25.513538 221.742
25.6032 -16.5608
43.2308 55.4482
43.2308 94.488
43.2308 167.5892
-56.2864 129.841752
-56.2864 221.742
-56.399938 25.4
-56.399938 117.299994
-68.1736 -16.5608
-75.8952 230.632
86.4616 74.7268
86.4616 -16.5608
-9.8552 41.481756
-9.8552 167.5892
-9.8552 230.632
113.7158 230.6066
113.7412 145.3896
